%YAML:1.0
cameraMatrix: !!opencv-matrix
   rows: 3
   cols: 3
   dt: d
   data: [ 3.6509379699298108e+02, 0., 2.5142205185533973e+02, 0.,
       3.6522157844194271e+02, 2.0656580066575384e+02, 0., 0., 1. ]
distortionCoefficients: !!opencv-matrix
   rows: 1
   cols: 5
   dt: d
   data: [ 1.0286298270643628e-01, -2.8671123936336940e-01,
       -7.5857980631515386e-04, -1.7911691154071006e-03,
       1.0433149725504987e-01 ]
rotation: !!opencv-matrix
   rows: 3
   cols: 3
   dt: d
   data: [ 1., 0., 0., 0., 1., 0., 0., 0., 1. ]
projection: !!opencv-matrix
   rows: 4
   cols: 4
   dt: d
   data: [ 3.6509379699298108e+02, 0., 2.5142205185533973e+02, 0., 0.,
       3.6522157844194271e+02, 2.0656580066575384e+02, 0., 0., 0., 1.,
       0., 0., 0., 0., 1. ]
