%YAML:1.0
depthShift: -1.6038889772893423e+01
