%YAML:1.0
rotation: !!opencv-matrix
   rows: 3
   cols: 3
   dt: d
   data: [ 9.9988317822506367e-01, -2.5595026733549247e-03,
       -1.5069135629174816e-02, 2.5608913105181260e-03,
       9.9999671825850334e-01, 7.2855467495806382e-05,
       1.5068899702403280e-02, -1.1143737488056856e-04,
       9.9988645147510136e-01 ]
translation: !!opencv-matrix
   rows: 3
   cols: 1
   dt: d
   data: [ -3.9561982892505558e-02, -2.0179324191553268e-03,
       4.2525526237073276e-05 ]
essential: !!opencv-matrix
   rows: 3
   cols: 3
   dt: d
   data: [ -3.0516924481095366e-05, -4.2300513587812095e-05,
       -2.0177063841228808e-03, 6.3867611056497885e-04,
       -4.5175277167003960e-06, 3.9556849864783479e-02,
       1.9163827424921354e-03, -3.9567017963726088e-02,
       -3.3290804073455050e-05 ]
fundamental: !!opencv-matrix
   rows: 3
   cols: 3
   dt: d
   data: [ -2.8097777628012719e-08, -3.8933627878013111e-08,
       -6.6314922153830553e-04, 5.8737989831175800e-07,
       -4.1532422071229436e-09, 1.3135210848671759e-02,
       1.5917697993183897e-03, -3.8895875060198037e-02, 1. ]
