%YAML:1.0
cameraMatrix: !!opencv-matrix
   rows: 3
   cols: 3
   dt: d
   data: [ 1.0691479507462780e+03, 0., 9.6988920579776482e+02, 0.,
       1.0703618169351398e+03, 5.4812542667643197e+02, 0., 0., 1. ]
distortionCoefficients: !!opencv-matrix
   rows: 1
   cols: 5
   dt: d
   data: [ 1.0422898432723360e-01, -1.6962776441691080e-01,
       1.0149996595627390e-03, -2.0669315576268723e-03,
       7.9541096590325669e-02 ]
rotation: !!opencv-matrix
   rows: 3
   cols: 3
   dt: d
   data: [ 1., 0., 0., 0., 1., 0., 0., 0., 1. ]
projection: !!opencv-matrix
   rows: 4
   cols: 4
   dt: d
   data: [ 1.0691479507462780e+03, 0., 9.6988920579776482e+02, 0., 0.,
       1.0703618169351398e+03, 5.4812542667643197e+02, 0., 0., 0., 1.,
       0., 0., 0., 0., 1. ]
imageWidth: 1920
imageHeight: 1080
imageScaleFactor: 1.0