<?xml version="1.0"?>
<opencv_storage>
    <RotationX>0.999809596076</RotationX>
    <RotationY>0.0151787913733</RotationY>
    <RotationZ>0.00718594676926</RotationZ>
    <RotationW>0.0099367024763</RotationW>
    <TranslationX>-0.24800592059</TranslationX>
    <TranslationY>0.966505196031</TranslationY>
    <TranslationZ>0.937934856683</TranslationZ>
</opencv_storage>